  0.0000000e+000
  1.0000000e+000
 -4.0000000e-001
  1.0760000e+000
 -7.4088640e-001
  5.5432228e-001
  3.4755162e-001
  9.9718771e-001
 -2.8787117e-001
  1.1831386e+000
 -1.0461050e+000
 -1.7712836e-001
  6.4224426e-001
  3.6939272e-001
  1.0016419e+000
 -2.9378328e-001
  1.1796605e+000
 -1.0363735e+000
 -1.4979980e-001
  6.5767199e-001
  3.4951464e-001
  1.0262769e+000
 -3.6968765e-001
  1.1165465e+000
 -8.5625293e-001
  3.0852724e-001
  6.0985944e-001
  5.7185823e-001
  7.2512726e-001
  4.3542410e-001
  9.5210637e-001
 -1.3848192e-001
  1.2587838e+000
 -1.2598958e+000
 -8.4463724e-001
 -3.7674564e-001
  5.4789664e-001
  4.6670929e-001
  8.5942441e-001
  1.0595834e-001
  1.2421093e+000
 -1.1281822e+000
 -4.0928023e-001
  4.2703092e-001
  6.2191836e-001
  5.8661384e-001
  7.0481339e-001
  4.8051747e-001
  8.8818816e-001
  3.9725741e-002
  1.2642471e+000
 -1.2257312e+000
 -7.2410951e-001
 -1.0178777e-001
  7.6826210e-001
  1.4314636e-001
  1.2017914e+000
 -9.7907968e-001
  1.8501604e-002
  7.0579686e-001
  3.0814158e-001
  1.0788073e+000
 -5.3691289e-001
  9.2005657e-001
 -3.4617960e-001
  1.1082405e+000
 -8.2332977e-001
  3.8345148e-001
  5.4715201e-001
  6.9590999e-001
  4.8613861e-001
  8.7790995e-001
  6.6825352e-002
  1.2571211e+000
 -1.1924473e+000
 -6.1356632e-001
  1.1521673e-001
  7.9734525e-001
  1.4450180e-001
  1.2099705e+000
 -1.0062895e+000
 -5.4674860e-002
  6.9392807e-001
  3.0944691e-001
  1.0741181e+000
 -5.2238743e-001
  9.4019135e-001
 -3.9425991e-001
  1.0644402e+000
 -7.0452402e-001
  6.2443632e-001
  2.4275379e-001
  1.1048297e+000
 -6.3608209e-001
  7.6500832e-001
 -1.0157455e-002
  1.2293581e+000
 -1.1188969e+000
 -3.8389512e-001
  4.5800527e-001
  5.9115511e-001
  6.4815147e-001
  5.8920607e-001
  7.0841612e-001
  4.7416706e-001
  8.9775668e-001
  1.3896232e-002
  1.2690567e+000
 -1.2505378e+000
 -8.0866588e-001
 -2.9067807e-001
  6.3910900e-001
  3.4095214e-001
  1.0289850e+000
 -3.8004854e-001
  1.1064839e+000
 -8.2804368e-001
  3.7202628e-001
  5.5782192e-001
  6.7597647e-001
  5.2762472e-001
  8.1304996e-001
  2.3281708e-001
  1.1680297e+000
 -8.4016552e-001
  3.6217955e-001
  5.6430670e-001
  6.6283499e-001
  5.5420170e-001
  7.6885515e-001
  3.3866696e-001
  1.0700831e+000
 -5.0150892e-001
  9.6890926e-001
 -4.6475189e-001
  9.8828073e-001
 -5.0680389e-001
  9.3689397e-001
 -3.8091959e-001
  1.0779286e+000
 -7.4097786e-001
  5.5471111e-001
  3.4692046e-001
  9.9791801e-001
 -2.9010036e-001
  1.1815539e+000
 -1.0415276e+000
 -1.6422538e-001
  6.4978377e-001
  3.5962587e-001
  1.0138721e+000
 -3.3122341e-001
  1.1505691e+000
 -9.5269994e-001
  7.4478681e-002
  7.0642411e-001
  3.2369456e-001
  1.0652378e+000
 -4.9151582e-001
  9.8134842e-001
 -4.9571735e-001
  9.5037456e-001
 -4.1321172e-001
  1.0460709e+000
 -6.5593349e-001
  7.1147302e-001
  9.4548547e-002
  1.2009267e+000
 -9.9075038e-001
 -1.3942818e-002
  7.0250272e-001
  3.0490305e-001
  1.0805986e+000
 -5.4329976e-001
  9.1093510e-001
 -3.2471378e-001
  1.1256659e+000
 -8.7138726e-001
  2.7465769e-001
  6.3297223e-001
  5.2148192e-001
  8.0917092e-001
  2.3978398e-001
  1.1622564e+000
 -8.1924065e-001
  4.0905958e-001
  5.1996617e-001
  7.4420713e-001
  3.8060789e-001
  1.0204548e+000
 -3.4367691e-001
  1.1407771e+000
 -9.2502444e-001
  1.4429484e-001
  6.9334327e-001
  3.7027361e-001
  1.0160594e+000
 -3.3424534e-001
  1.1484099e+000
 -9.4665702e-001